1
2
3
4
7
8
9
11
12
13
14
15
16
17
18
19
20
21
22
23
24
25
26
27
28
31
32
33
37
38
39
40
41
42
43
44
45
46
47
48
49
50
51
52
54
55
56
57
61
63
65
123
124
125
127
128
129
130
134
135
136
137
138
139
140
141
142
143
144
145
146
147
148
149
150
151
152
153
154
155
156
157
158
159
160
161
162
163
164
165
166
167
168
169
170
171
172
173
174
175
176
177
179
180
181
182
183
184
185
186
187
189
193
194
195
196
197
198
199
200
202
205
206
207
208
209
210
211
212
214
215
217
219
220
221
222
223
224
225
226
227
228
229
230
231
232
233
236
237
238
239
240
241
243
244
248
249
250
251
252
253
254
255
256
268
269
270
272
273
274
275
276
278
279
280
281
282
283
284
286
287
288
289
291
292
293
294
295
296
297
298
299
300
301
302
303
305
306
307
308
309
310
311
312
313
314
315
316
317
318
319
320
321
322
323
324
325
326
327
328
329
330
331
332
333
334
335
336
337
338
339
341
342
343
344
345
346
347
348
349
351
352
353
354
358
359
360
361
362
363
364
365
366
367
368
369
370
371
372
373
375
376
377
378
379
380
381
386
387
388
389
390
391
392
393
394
395
396
397
398
399
400
401
403
404
405
407
408
410
411
412
413
414
417
418
419
420
423
424
425
426
428
429
430
431
432
433
434
435
436
437
438
439
440
441
443
444
446
448
449
450
451
452
454
456
457
458
459
460
463
464
465
466
467
468
469
470
471
472
474
475
476
477
478
479
480
481
482
483
484
485
486
489
490
492
493
494
495
496
498
499
501
502
503
505
506
507
510
511
512
513
514
515
516
517
518
519
520
521
522
523
524
526
527
528
529
530
531
532
533
534
536
537
538
539
540
541
542
543
544
545
546
547
548
549
550
551
554
555
556
558
559
560
561
562
563
564
565
566
567
568
569
570
571
572
573
574
575
576
577
578
579
580
581
582
583
584
585
586
588
589
591
594
595
596
597
599
601
603
604
605
606
607
608
609
610
611
612
613
614
615
616
617
619
620
622
623
625
626
630
632
638
643
645
646
647
648
650
651
652
653
654
656
657
659
661
662
663
807
808
809
810
811
812
813
814
815
818
821
823
825
832
833
834
839
840
843
844
845
846
847
848
849
851
852
853
854
855
857
858
859
860
862
863
864
872
873
874
875
886
887
888
889
890
891
892
893
894
895
896
898
899
900
901
902
903
904
905
906
907
908
1049
1050
1051
1054
1055
1056
1057
1058
1059
1061
1062
1063
1064
1065
1066
1067
1069
1070
1071
1072
1073
1074
1075
1076
1078
1079
1080
1084
1085
1086
1087
1090
1091
1093
1094
1095
1096
1098
1099
1100
1101
1103
1104
1105
1106
1107
1108
1110
1115
1116
1118
1120
1121
1127
1129
1130
1131
1132
1135
1136
1137
1138
1139
1140
1141
1142
1144
1145
1146
1147
1148
1149
1150
1151
1152
1153
1154
1155
1156
1157
1158
1159
1160
1161
1163
1164
1165
1166
1167
1168
1169
1170
1171
1172
1173
1174
1175
1176
1177
1179
1180
1181
1184
1185
1187
1188
1190
1191
1192
1193
1194
1195
1196
1197
1198
1199
1201
1202
1205
1206
1207
1208
1209
1210
1213
1215
1216
1217
1218
1219
1220
1222
1227
1228
1231
1233
1234
1235
1239
1240
1241
1242
1243
1245
1246
1247
1248
1249
1250
1251
1252
1254
1255
1256
1257
1258
1259
1260
1261
1263
1264
1265
1267
1268
1270
1271
1272
1274
1275
1276
1277
1278
1279
1280
1281
1282
1284
1285
1286
1287
1288
1289
1290
1291
1292
1293
1294
1295
1296
1297
1298
1299
1300
1301
1302
1303
1304
1305
1306
1307
1309
1310
1311
1313
1315
1316
1318
1319
1320
1322
1323
1324
1325
1326
1327
1328
1329
1330
1332
1333
1334
1335
1336
1337
1338
1339
1340
1341
1342
1343
1344
1346
1347
1348
1349
1350
1351
1352
1353
1355
1356
1357
1358
1359
1360
1361
1362
1363
1364
1365
1366
1367
1368
1369
1370
1371
1372
1373
1374
1410
1411
1412
1413
1414
1415
1416
1417
1418
1420
1421
1422
1423
1424
1425
1426
1427
1428
1429
1430
1431
1432
1433
1434
1435
1436
1437
1438
1439
1440
1446
1447
1448
1449
1450
1451
1452
1454
1456
1457
1458
1459
1461
1464
1468
1469
1470
1471
1472
1473
1475
1478
1479
1480
1481
1482
1484
1485
1487
1488
1489
1491
1493
1494
1495
1496
1497
1498
1499
1500
1501
1502
1503
1504
1505
1506
1508
1509
1511
1512
1514
1516
1517
1519
1520
1521
1522
1524
1525
1526
1527
1528
1529
1530
1532
1533
1534
1535
1536
1537
1538
1539
1540
1541
1542
1543
1544
1545
1546
1547
1548
1549
1550
1551
1552
1553
1554
1555
1556
1557
1558
1559
1560
1561
1563
1564
1565
1566
1568
1569
1570
1571
1572
1573
1574
1575
1576
1577
1578
1579
1580
1581
1582
1583
1584
1585
1586
1587
1588
1589
1590
1591
1592
1593
1594
1595
1596
1597
1598
1599
1603
1604
1606
1608
1609
1610
1611
1612
1613
1615
1616
1617
1618
1619
1620
1622
1623
1624
1625
1626
1627
1628
1629
1630
1632
1633
1634
1635
1636
1637
1638
1639
1640
1642
1643
1644
1646
1648
1649
1650
1651
1652
1653
1655
1656
1657
1658
1659
1660
1661
1663
1664
1665
1666
1667
1669
1671
1673
1674
1675
1677
1679
1680
1681
1683
1684
1685
1686
1687
1688
1689
1690
1691
1693
1694
1695
1696
1697
1698
1700
1701
1702
1704
1705
1706
1707
1708
1709
1711
1712
1713
1715
1716
1717
1719
1720
1721
1722
1723
1724
1727
1728
1729
1730
1731
1732
1733
1734
1735
1739
1743
1746
1748
1749
1750
1752
1753
1754
1757
1758
1759
1762
1763
1764
1765
1767
1768
1769
1770
1771
1772
1774
1775
1776
1777
1779
1780
1781
1782
1783
1784
1785
1786
1787
1790
1791
1792
1793
1794
1795
1796
1797
1798
1800
1802
1803
1804
1805
1807
1809
1814
1817
1824
1825
1826
1827
1828
1830
1831
1832
1834
1835
1837
1838
1844
1847
1851
1852
1859
1862
1865
1867
1869
1870
1871
1873
1874
1876
1877
1880
1881
1883
1887
1888
1889
1890
1891
1892
1894
1896
1897
1898
1899
1900
1901
1902
1903
1904
1906
1907
1909
1913
1914
1915
1916
1917
1918
1919
1921
1922
1923
1925
1926
1927
1928
1929
1931
1932
1933
1934
1935
1939
1943
1944
1946
1947
1948
1950
1951
1953
1955
1956
1959
1960
1963
1964
1965
1966
1967
1970
1971
1972
1973
1974
1976
1983
1986
1988
1989
1991
1992
1993
1994
1995
1996
1997
1998
1999
2000
2003
2004
2005
2006
2007
2008
2009
2010
2011
2012
2013
2015
2016
2017
2018
2019
2020
2021
2023
2025
2026
2029
2030
2031
2032
2034
2035
2037
2038
2039
2040
2041
2042
2043
2044
2045
2046
2047
2048
2049
2050
2051
2052
2053
2054
2057
2058
2059
2060
2061
2062
2063
2064
2065
2066
2068
2069
2070
2071
2072
2073
2074
2075
2077
2078
2079
2080
2081
2082
2083
2084
2085
2086
2087
2088
2089
2090
2091
2092
2093
2094
2095
2098
2099
2100
2101
2103
2104
2105
2109
2110
2113
2114
2116
2117
2118
2119
2121
2122
2123
2124
2125
2126
2127
2128
2129
2130
2131
2132
2134
2135
2138
2139
2140
2141
2142
2143
2144
2145
2146
2147
2148
2150
2154
2155
2157
2158
2160
2162
2163
2164
2170
2171
2172
2173
2174
2175
2176
2177
2178
2181
2183
2184
2185
2186
2187
2188
2189
2190
2191
2192
2193
2194
2195
2196
2197
2199
2200
2201
2202
2203
2204
2205
2206
2207
2210
2212
2213
2214
2215
2216
2218
2219
2220
2221
2222
2223
2225
2226
2227
2228
2230
2231
2232
2233
2234
2235
2236
2237
2238
2239
2240
2241
2242
2243
2244
2246
2247
2248
2250
2251
2252
2253
2254
2255
2258
2259
2260
2261
2262
2263
2265
2266
2267
2268
2269
2271
2272
2273
2274
2276
2278
2279
2280
2283
2284
2285
2286
2287
2288
2289
9190
10414
11019
11021
11022
11023
11025
11026
11027
11028
11029
11030
11032
11033
11034
11035
11036
11037
11039
11041
11043
11044
11045
11046
11047
11048
11049
11050
11051
11052
11053
11054
11055
11056
11057
11058
11059
11060
11061
11062
11063
11064
11065
11066
11067
11068
11069
11070
11071
11072
11073
11074
11075
11076
11077
11078
11079
11080
11081
11082
11083
11084
11085
11086
11087
11088
11089
11090
11091
11092
11093
11094
11095
11096
11097
11098
11099
11100
11101
11102
11103
11104
11105
11106
11107
11108
11109
11110
11111
11112
11113
11114
11116
11117
11118
11119
11120
11121
11122
11124
11125
11126
11127
11128
11129
11130
11132
11133
11134
11135
11136
11138
11140
11141
11142
11143
11144
11145
11146
11147
11148
11149
11150
11151
11152
11155
11156
11157
11158
11159
11160
11161
11162
11163
11164
11165
11166
11167
11168
11169
11170
11171
11172
11173
11175
11176
11180
11181
11182
11187
11188
11189
11190
11191
11192
11193
11194
11195
11196
11199
11200
11201
11202
11204
11205
11207
11208
11209
11210
11211
11212
11214
11215
11217
11218
11219
11221
11222
11223
11225
11227
11229
11230
11231
11232
11233
11235
11236
11237
11238
11239
11240
11242
11243
11246
11247
11248
11249
11250
11253
11254
11255
11256
11258
11259
11260
11261
11262
11264
11265
11266
11268
11269
11270
11271
11272
11273
11274
11275
11276
11277
11278
11279
11280
11281
11282
11283
11284
11285
11286
11287
11288
11289
11290
11292
11294
11295
11296
11297
11298
11299
11300
11301
11302
11304
11305
11306
11307
11308
11309
11310
11311
11312
11313
11314
11315
11318
11319
11320
11321
11322
11323
11324
11325
11327
11328
11329
11330
11331
11332
11334
11335
11337
11338
11339
11340
11341
11346
11347
11348
11349
11350
11352
11353
11354
11355
11357
11358
11363
11364
11365
11366
11367
11368
11369
11370
11372
11373
11376
11377
11378
11379
11380
11382
11383
11384
11385
11386
11387
11388
11389
11390
11391
11392
11394
11397
11399
11400
11402
11403
11404
11406
11407
11408
11409
11411
11412
11413
11414
11415
11416
11417
11418
11419
11420
11421
11422
11423
11424
11426
11427
11428
11429
11433
11434
11436
11437
11438
11439
11440
11442
11443
11444
11445
11446
11447
11448
11449
11450
11451
11452
11454
11455
11456
11457
11458
11459
11460
11461
11462
11464
11465
11466
11467
11468
11469
11470
11472
11473
11474
11475
11476
11477
11478
11479
11480
11481
11482
11484
11486
11487
11488
11489
11490
11491
11492
11493
11494
11496
11497
11498
11499
11500
11501
11502
11503
11504
11505
11506
11507
11508
11509
11510
11511
11512
11513
11514
11515
11516
11517
11519
11520
11521
11523
11524
11525
11526
11529
11531
11532
11534
11535
11536
11537
11538
11540
11541
11543
11544
11545
11546
11547
11548
11549
11550
11551
11552
11553
11554
11555
11556
11557
11558
11559
11560
11561
11562
11563
11564
11567
11568
11569
11570
11571
11572
11573
11574
11575
11576
11577
11578
11579
11580
11581
11582
11584
11585
11586
11587
11588
11589
11590
11591
11592
11593
11594
11595
11596
11597
11598
11599
11600
11601
11602
11603
11604
11605
11606
11608
11610
11611
11612
11613
11614
11615
11616
11617
11618
11619
11620
11621
11622
11623
11624
11625
11626
11628
11629
11630
11632
11634
11635
11636
11637
11639
11640
11641
11642
11643
11644
11645
11646
11648
11649
11650
11651
11652
11653
11654
11655
11657
11659
11660
11662
11663
11664
11665
11666
11667
11668
11669
11670
11671
11672
11673
11674
11675
11676
11678
11679
11680
11684
11686
11687
11688
11689
11691
11692
11694
11695
11696
11697
11698
11699
11700
11701
11702
11703
11704
11705
11706
11707
11708
11709
11710
11712
11713
11714
11715
11717
11718
11719
11720
11721
11722
11723
11724
11725
11726
11727
11728
11729
11730
11731
11733
11734
11735
11736
11737
11738
11739
11740
11741
11742
11743
11746
11747
11748
11750
11751
11752
11753
11754
11755
11756
11757
11758
11759
11760
11761
11762
11763
11764
11765
11766
11767
11768
11769
11770
11771
11772
11775
11776
11777
11778
11779
11780
11781
11782
11783
11784
11785
11786
11787
11788
11789
11790
11792
11793
11795
11796
11797
11798
11799
11800
11801
11802
11803
11812
11813
11814
11815
11817
11818
11819
11820
11821
11822
11823
11824
11825
11826
11827
11828
11829
11830
11831
11833
11834
11835
11837
11838
11839
11840
11841
11842
11843
11844
11845
11848
11849
11850
11851
11852
11854
11855
11856
11857
11858
11859
11861
11862
11863
11864
11865
11866
11867
11868
11869
11870
11871
11872
11873
11874
11875
11876
11877
11878
11880
11881
11882
11883
11884
11885
11886
11887
11888
11889
11890
11891
11892
11893
11894
11895
11896
11897
11898
11899
11901
11902
11903
11904
11905
11906
11907
11908
11909
11910
11911
11912
11913
11914
11915
11916
11917
11918
11919
11920
11921
11922
11923
11924
11925
11926
11927
11928
11929
11931
11932
11933
11934
11935
11936
11937
11938
11939
11940
11942
11943
11944
11945
11947
11948
11949
11950
11951
11954
11955
11956
11957
11958
11959
11960
11961
11962
11963
11964
11965
11966
11967
11968
11969
11970
11971
11972
11973
11974
11975
11976
11977
11978
11979
11980
11981
11982
11984
11985
11986
11987
11988
11989
11990
11991
11992
11993
11994
11995
11996
11997
11998
12000
12001
12002
12003
12004
12005
12006
12007
12008
12010
12011
12012
12013
12014
12015
12016
12017
12018
12019
12020
12021
12022
12023
12029
12030
12031
12032
12033
12034
12035
12036
12037
12038
12039
12040
12041
12042
12043
12044
12046
12047
12048
12049
12050
12051
12052
12053
12054
12055
12056
12057
12058
12059
12060
12061
12062
12063
12064
12065
12066
12067
12068
12070
12071
12073
12074
12076
12077
12078
12079
12080
12081
12082
12084
12085
12086
12087
12088
12089
12090
12091
12092
12093
12094
12095
12096
12097
12098
12099
12100
12101
12103
12104
12105
12106
12107
12108
12109
12110
12111
12112
12113
12114
12115
12116
12117
12118
12119
12120
12121
12122
12123
12124
12125
12126
12127
12128
12129
12130
12131
12132
12134
12135
12136
12137
12138
12139
12143
12144
12145
12146
12147
12148
12149
12150
12151
12152
12153
12154
12155
12156
12157
12158
12159
12160
12161
12162
12163
12164
12165
12166
12168
12169
12170
12171
12172
12173
12174
12175
12176
12180
12181
12182
12183
12184
12185
12186
12187
12189
12191
12192
12193
12195
12196
12197
12198
12199
12200
12201
12202
12203
12204
12205
12206
12209
12210
12211
12212
12213
12215
12216
12217
12218
12219
12221
12222
12223
12225
12226
12227
12228
12230
12231
12232
12233
12234
12235
12236
12237
12238
12239
12240
12241
12242
12243
12244
12245
12246
12247
12248
12249
12250
12251
12252
12253
12254
12257
12258
12259
12260
12261
12262
12263
12265
12266
12267
12268
12269
12270
12271
12272
12277
12278
12279
12280
12281
12282
12283
12284
12285
12286
12287
12288
12289
12290
12291
12292
12293
12294
12295
12296
12297
12298
12299
12300
12301
12302
12303
12304
12306
12307
12308
12309
12310
12311
12312
12313
12314
12315
12316
12317
12318
12320
12321
12323
12324
12325
12326
12327
12328
12329
12330
12331
12332
12334
12335
12336
12337
12338
12339
12340
12341
12342
12347
12348
12350
12352
12353
12354
12356
12357
12358
12359
12360
12361
12362
12363
12364
12366
12367
12368
12369
12370
12371
12374
12375
12377
12378
12379
12380
12381
12382
12383
12385
12387
12388
12389
12390
12392
12393
12395
12396
12398
12399
12400
12401
12403
12404
12405
12406
12407
12408
12411
12412
12413
12414
12415
12416
12417
12418
12419
12420
12422
12423
12424
12425
12426
12427
12428
12429
12430
12431
12432
12433
12435
12436
12437
12438
12439
12440
12441
12442
12443
12444
12445
12447
12448
12450
12451
12452
12453
12454
12455
12456
12461
12468
12470
12471
12472
12473
12476
12477
12480
12481
12482
12483
12485
12486
12487
12489
12490
12491
12492
12493
12494
12495
12496
12497
12498
12499
12500
12501
12502
12503
12505
12506
12507
12508
12509
12510
12511
12513
12514
12516
12517
12518
12519
12521
12522
12523
12524
12525
12526
12527
12528
12533
12534
12535
12536
12537
12538
12539
12540
12541
12542
12543
12544
12545
12546
12548
12550
12553
12554
12559
12560
12561
12570
12571
12572
12573
12574
12576
12577
12578
12579
12580
12581
12585
12586
12587
12588
12589
12591
12592
12593
12594
12595
12596
12597
12598
12599
12600
12601
12602
12603
12604
12605
12606
12607
12608
12609
12610
12611
12612
12613
12614
12615
12616
12617
12618
12619
12620
12621
12622
12623
12624
12625
12626
12627
12628
12629
12630
12631
12636
12637
12639
12640
12641
12643
12644
12645
12646
12648
12649
12650
12651
12652
12654
12655
12656
12657
12658
12659
12660
12661
12662
12663
12664
12665
12666
12667
12668
12669
12670
12671
12672
12673
12674
12675
12676
12679
12680
12681
12682
12683
12685
12686
12687
12688
12689
12690
12691
12692
12693
12694
12696
12697
12698
12699
12702
12703
12705
12706
12707
12708
12710
12712
12713
12715
12716
12721
12723
12724
12725
12726
12727
12728
12729
12730
12731
12733
12734
12735
12736
12737
12738
12739
12740
12741
12742
12743
12744
12745
12746
12747
12748
12749
12750
12751
12752
12753
12754
12755
12756
12757
12758
12759
12760
12761
12762
12763
12764
12765
12767
12768
12769
12770
12771
12772
12773
12783
12784
12785
12786
12787
12788
12789
12790
12791
12793
12794
12795
12796
12798
12799
12816
12817
12818
12819
12820
12821
12822
12824
12825
12827
12828
12829
12830
12831
12832
12833
12834
12835
12836
12837
12838
12839
12840
12841
12843
12844
12845
12846
12847
12849
12851
12852
12854
12855
12856
12857
12858
12859
12861
12862
12863
12869
12871
12872
12874
12875
12876
12877
12878
12879
12880
12881
12882
12883
12884
12885
12886
12887
12888
12889
12890
12891
12892
12893
12894
12895
12896
12897
12898
12899
12900
12901
12902
12903
12904
12905
12906
12907
12908
12909
12910
12911
12912
12913
12914
12915
12916
12917
12919
12921
12922
12923
12924
12925
12926
12927
12928
12929
12930
12932
12933
12934
12935
12936
12937
12938
12939
12940
12941
12943
12944
12945
12946
12947
12948
12949
12950
12951
12952
12953
12954
12955
12956
12958
12959
12960
12961
12962
12963
12964
12965
12969
12979
12980
12981
12982
12983
12984
12985
12986
12987
12988
12989
12991
12992
12993
12994
12996
12997
12998
12999
13000
13001
13002
13003
13004
13005
13006
13007
13009
13010
13014
13015
13016
13017
13019
13020
13021
13022
13023
13024
13025
13026
13027
13029
13030
13031
13032
13033
13034
13035
13036
13038
13040
13042
13044
13045
13046
13047
13048
13049
13050
13051
13053
13054
13055
13056
13057
13058
13059
13060
13061
13062
13063
13064
13065
13066
13067
13068
13069
13070
13071
13072
13074
13075
13078
13079
13080
13082
13083
13085
13086
13087
13089
13090
13091
13092
13093
13094
13095
13096
13100
13101
13102
13103
13104
13105
13106
13107
13108
13109
13110
13111
13112
13113
13114
13115
13116
13117
13118
13119
13120
13121
13122
13123
13124
13125
13126
13128
13129
13130
13132
13133
13134
13135
13136
13138
13139
13140
13141
13142
13143
13144
13145
13146
13147
13148
13149
13150
13151
13152
13153
13154
13155
13156
13157
13158
13159
13162
13163
13164
13165
13166
13167
13168
13169
13170
13171
13172
13173
13175
13176
13179
13183
13188
13191
13192
13194
13195
13196
13197
13198
13199
13201
13202
13203
13204
13205
13206
13207
13208
13211
13212
13213
13214
13215
13216
13217
13218
13219
13220
13221
13222
13223
13224
13225
13226
13228
13229
13230
13231
13232
13233
13234
13235
13236
13237
13238
13239
13240
13241
13242
13243
13244
13245
13246
13248
13249
13250
13251
13252
13253
13254
13255
13256
13257
13258
13259
13260
13261
13262
13263
13264
13265
13266
13267
13268
13269
13271
13272
13273
13274
13275
13276
13277
13278
13279
13280
13281
13282
13283
13284
13285
13286
13287
13288
13289
13290
13291
13292
13293
13297
13298
13299
13300
13301
13304
13305
13306
13307
13308
13309
13310
13311
13312
13313
13314
13315
13316
13317
13318
13319
13320
13321
13322
13323
13324
13325
13326
13328
13333
13334
13335
13337
13338
13341
13342
19906
19907
19909
19910
19914
19915
19916
19917
19918
19919
19920
19921
19922
19923
19924
19925
19926
19927
19928
19929
19930
19931
19932
19933
19934
19935
19936
19937
19938
19939
19940
19941
19942
19943
19944
19945
19946
19948
19949
19950
19951
19952
19953
19954
19955
19956
19957
19958
19959
19960
19961
19962
19963
19964
19965
19966
19967
19968
19972
19973
19974
19975
19976
19977
19978
19980
19981
19982
19983
19984
19985
19986
19987
19988
19990
19991
19992
19993
19994
19995
19996
19997
19999
20000
20001
20003
20004
20005
20006
20007
20008
20009
20010
20011
20012
20013
20017
20019
20020
20021
20022
20023
20024
20025
20026
20027
20028
20029
20030
20031
20032
20033
20034
20035
20036
20037
20038
20039
20040
20041
20042
20043
20044
20045
20046
20048
20049
20050
20051
20066
20067
20068
20069
20070
20071
20072
20073
20074
20075
20076
20077
20078
20079
20080
20081
20082
20083
20084
20085
20086
20087
20088
20089
20090
20091
20092
20093
20094
20095
20096
20097
20098
20099
20100
20101
20102
20103
20104
20105
20106
20107
20108
20109
20110
20111
20112
20113
20114
20115
20116
20117
20118
20119
20120
20121
20122
20123
20124
20125
20126
20127
20128
20129
20130
20131
20132
20133
20134
20135
20136
20137
20138
20139
20140
20141
20142
20143
20144
20145
20146
20147
20148
20149
20150
20152
20153
20154
20155
20156
20157
20158
20160
20161
20162
20163
20164
20166
20167
20170
20172
20173
20174
20175
20176
20177
20178
20179
20180
20181
20183
20184
20185
20186
20187
20188
20189
20190
20191
20192
20193
20195
20196
20197
20198
20199
20200
20201
20202
20203
20204
20205
20206
20207
20208
20209
20210
20211
20212
20214
20215
20216
20217
20218
20219
20220
20222
20223
20224
20225
20226
20227
20228
20229
20230
20231
20232
20233
20234
20235
20237
20238
20239
20240