5
6
10
29
34
35
36
53
62
66
67
68
70
71
72
73
74
75
76
77
78
79
80
81
83
84
85
86
87
88
89
90
91
92
93
94
95
96
97
98
99
101
102
103
104
105
106
107
108
110
111
112
113
114
115
116
117
118
119
120
121
122
126
131
132
133
178
188
190
191
192
201
203
204
213
216
218
234
235
242
245
246
247
257
258
259
260
261
262
263
264
265
266
267
271
277
285
290
304
340
350
355
356
357
374
382
383
384
385
402
406
409
415
416
421
422
427
442
445
447
453
455
461
462
473
487
488
491
497
500
504
508
509
525
535
552
553
557
587
592
621
624
627
628
631
637
641
655
666
671
686
697
737
743
745
751
758
762
806
837
850
856
877
879
882
883
897
909
912
942
947
961
965
971
986
987
994
1003
1010
1037
1048
1052
1053
1060
1068
1077
1088
1089
1097
1117
1119
1124
1128
1134
1143
1162
1178
1182
1183
1186
1189
1200
1203
1204
1211
1212
1214
1221
1223
1224
1225
1226
1229
1230
1232
1236
1237
1238
1244
1253
1262
1266
1269
1273
1283
1308
1312
1314
1317
1321
1331
1345
1354
1375
1376
1377
1378
1379
1380
1381
1382
1383
1384
1385
1386
1387
1388
1389
1390
1391
1392
1393
1394
1395
1396
1397
1398
1399
1400
1401
1402
1403
1404
1405
1406
1407
1408
1409
1419
1441
1442
1443
1444
1445
1453
1455
1460
1462
1463
1465
1466
1467
1474
1476
1477
1483
1486
1490
1492
1507
1510
1513
1515
1518
1523
1531
1562
1567
1600
1601
1602
1605
1607
1614
1621
1631
1641
1645
1647
1654
1662
1668
1670
1672
1676
1678
1682
1692
1699
1703
1710
1714
1718
1725
1726
1736
1737
1738
1740
1741
1742
1744
1745
1747
1751
1755
1756
1760
1761
1766
1773
1778
1788
1789
1799
1801
1806
1808
1810
1811
1812
1813
1815
1816
1818
1819
1820
1821
1822
1823
1829
1833
1836
1839
1840
1841
1842
1843
1845
1846
1848
1849
1850
1853
1854
1855
1856
1857
1858
1860
1861
1863
1864
1866
1868
1872
1875
1878
1879
1882
1884
1885
1886
1893
1895
1905
1908
1910
1911
1912
1920
1924
1930
1936
1937
1938
1940
1941
1942
1945
1949
1952
1954
1957
1958
1961
1962
1968
1969
1975
1977
1978
1979
1980
1981
1982
1984
1985
1987
1990
2001
2002
2014
2022
2024
2027
2028
2033
2036
2055
2056
2067
2076
2096
2097
2102
2106
2107
2108
2111
2112
2115
2120
2133
2136
2137
2149
2151
2152
2153
2156
2159
2161
2165
2166
2167
2168
2169
2179
2180
2182
2198
2208
2209
2211
2217
2224
2229
2245
2249
2256
2257
2264
2270
2275
2277
2281
2282
2290
2295
2299
2306
2307
2309
2313
2316
2318
2319
2339
2348
2349
2367
2370
2376
2401
2417
2418
2425
2428
2433
2445
2446
2453
2454
2460
2463
2464
2465
2466
2468
2469
2471
2473
2474
2489
2508
2511
2515
2516
2517
2520
2521
2524
2525
2526
2527
2528
2529
2530
2531
2532
2533
2540
2543
2544
2548
2558
2559
2563
2565
2567
2570
2571
2573
2588
2601
2603
2621
2623
2626
2643
2660
2662
2664
2677
2680
2689
2695
2704
2708
2709
2711
2715
2721
2722
2723
2725
2726
2731
2733
2741
2743
2744
2747
2754
2762
2764
2766
2767
2768
2769
2770
2771
2772
2773
2774
2775
2776
2777
2778
2779
2781
2782
2786
2788
2789
2793
2794
2795
2796
2799
2802
2806
2807
2808
2812
2816
2817
2820
2821
2825
2826
2828
2832
2833
2834
2835
2836
2843
2844
2845
2846
2850
2852
2858
2862
2863
2869
2871
2872
2873
2876
2879
2882
2883
2884
2885
2887
2889
2926
2940
2941
2944
2946
2949
2960
2969
2973
3030
3035
3056
3069
3078
3100
3102
3123
3141
3174
3184
3242
3248
3250
3251
3252
3253
3254
3255
3267
3275
3279
3297
3311
3316
3322
3325
3327
3356
3381
3382
3383
3390
3395
3396
3398
3399
3400
3401
3402
3405
3431
3453
3490
3492
3495
3524
3560
3575
3598
3611
3634
3642
3644
3648
3662
3663
3671
3690
3691
3693
3698
3700
3705
3712
3713
3723
3735
3736
3738
3739
3742
3743
3747
3751
3752
3769
3770
3771
3772
3780
3791
3794
3795
3797
3799
3806
3817
3826
3829
3833
3840
3841
3846
3873
3875
3879
3885
3905
3906
3912
3914
3937
3945
3947
3956
3996
4002
4018
4031
4035
4044
4065
4075
4086
4088
4092
4111
4113
4130
4132
4156
4160
4162
4168
4173
4183
4186
4188
4189
4200
4225
4226
4228
4229
4230
4232
4236
4246
4248
4251
4252
4254
4257
4261
4264
4269
4271
4273
4277
4281
4285
4288
4290
4292
4294
4300
4304
4306
4307
4308
4311
4312
4320
4321
4324
4325
4326
4327
4330
4343
4352
4355
4359
4366
4368
4387
4394
4418
4513
4517
4520
4523
4540
4543
4559
4561
4562
4567
4571
4572
4575
4586
4588
4589
4590
4592
4598
4616
4619
4623
4625
4634
4638
4649
4655
4656
4661
4664
4667
4681
4682
4688
4689
4693
4694
4720
11020
11024
11031
11038
11040
11042
11115
11123
11131
11137
11139
11153
11154
11174
11177
11178
11179
11183
11184
11185
11186
11197
11198
11203
11206
11213
11216
11220
11226
11228
11234
11241
11244
11245
11251
11252
11257
11263
11267
11291
11293
11303
11316
11317
11326
11333
11336
11342
11343
11344
11345
11351
11356
11359
11360
11361
11362
11371
11374
11375
11381
11393
11396
11398
11401
11405
11410
11425
11430
11431
11432
11435
11441
11453
11463
11471
11483
11485
11495
11518
11527
11528
11530
11533
11539
11542
11565
11566
11583
11607
11609
11627
11631
11633
11638
11647
11656
11658
11661
11677
11681
11682
11683
11685
11690
11693
11711
11716
11732
11744
11745
11749
11773
11774
11791
11794
11804
11805
11806
11807
11808
11809
11810
11811
11816
11832
11836
11846
11847
11853
11860
11879
11900
11930
11941
11946
11952
11953
11983
11999
12009
12024
12025
12026
12027
12028
12045
12069
12072
12075
12083
12102
12133
12140
12141
12142
12167
12177
12178
12179
12188
12190
12194
12207
12208
12214
12220
12229
12255
12256
12264
12273
12274
12275
12276
12305
12319
12322
12333
12343
12344
12345
12346
12349
12351
12355
12372
12373
12376
12384
12386
12391
12394
12397
12402
12409
12410
12421
12434
12446
12449
12457
12458
12459
12460
12462
12463
12464
12465
12466
12467
12469
12474
12475
12478
12479
12484
12488
12504
12512
12515
12520
12529
12530
12531
12532
12547
12549
12551
12552
12555
12556
12557
12558
12562
12563
12564
12565
12566
12567
12568
12569
12575
12582
12583
12584
12590
12632
12633
12634
12635
12638
12642
12647
12653
12677
12678
12684
12695
12700
12701
12704
12709
12711
12714
12717
12718
12719
12720
12722
12728
12732
12766
12774
12775
12776
12777
12778
12779
12780
12781
12782
12792
12797
12800
12801
12802
12803
12804
12805
12806
12807
12808
12809
12810
12811
12812
12813
12814
12815
12823
12826
12842
12848
12850
12853
12860
12864
12865
12866
12867
12868
12870
12873
12918
12920
12931
12942
12957
12966
12967
12968
12970
12971
12972
12973
12974
12975
12976
12977
12978
12990
12995
13008
13011
13012
13013
13018
13028
13037
13039
13041
13043
13052
13073
13076
13077
13081
13084
13085
13088
13097
13098
13099
13127
13131
13137
13160
13161
13174
13177
13178
13180
13181
13182
13184
13185
13186
13187
13189
13190
13193
13200
13209
13210
13227
13270
13302
13303
13327
13329
13330
13331
13332
13336
13339
13340
13343
13344
13345
13346
14250
14267
16334
16338
16387
16413
16437
16456
16519
16922
17146
17203
17205
17206
17207
17208
17249
17294
17297
17353
17359
17378
17419
18281
18558
19899
19900
19901
19902
19903
19904
19905
