1
2
3
4
7
8
9
11
12
13
14
15
16
17
18
19
20
21
22
23
24
25
26
27
28
30
31
32
33
37
38
39
40
41
42
43
44
45
46
47
48
49
50
51
52
54
55
56
57
58
59
60
61
63
64
65
69
82
100
109
123
124
125
127
128
129
130
134
135
136
137
138
139
140
141
142
143
144
145
146
147
148
149
150
151
152
153
154
155
156
157
158
159
160
161
162
163
164
165
166
167
168
169
170
171
172
173
174
175
176
177
179
180
181
182
183
184
185
186
187
189
193
194
195
196
197
198
199
200
202
205
206
207
208
209
210
211
212
214
215
217
219
220
221
222
223
224
225
226
227
228
229
230
231
232
233
236
237
238
239
240
241
243
244
248
249
250
251
252
253
254
255
256
268
269
270
272
273
274
275
276
278
279
280
281
282
283
284
286
287
288
289
291
292
293
294
295
296
297
298
299
300
301
302
303
305
306
307
308
309
310
311
312
313
314
315
316
317
318
319
320
321
322
323
324
325
326
327
328
329
330
331
332
333
334
335
336
337
338
339
341
342
343
344
345
346
347
348
349
351
352
353
354
358
359
360
361
362
363
364
365
366
367
368
369
370
371
372
373
375
376
377
378
379
380
381
386
387
388
389
390
391
392
393
394
395
396
397
398
399
400
401
403
404
405
407
408
410
411
412
413
414
417
418
419
420
423
424
425
426
428
429
430
431
432
433
434
435
436
437
438
439
440
441
443
444
446
448
449
450
451
452
454
456
457
458
459
460
463
464
465
466
467
468
469
470
471
472
474
475
476
477
478
479
480
481
482
483
484
485
486
489
490
492
493
494
495
496
498
499
501
502
503
505
506
507
510
511
512
513
514
515
516
517
518
519
520
521
522
523
524
526
527
528
529
530
531
532
533
534
536
537
538
539
540
541
542
543
544
545
546
547
548
549
550
551
554
555
556
558
559
560
561
562
563
564
565
566
567
568
569
570
571
572
573
574
575
576
577
578
579
580
581
582
583
584
585
586
588
589
590
591
593
594
595
596
597
598
599
600
601
602
603
604
605
606
607
608
609
610
611
612
613
614
615
616
617
618
619
620
622
623
625
626
629
630
632
633
634
635
636
638
639
640
642
643
644
645
646
647
648
649
650
651
652
653
654
656
657
658
659
660
661
662
663
664
665
667
668
669
670
672
673
674
675
676
677
678
679
680
681
682
683
684
685
687
688
689
690
691
692
693
694
695
696
698
699
700
701
702
703
704
705
706
707
708
709
710
711
712
713
714
715
716
717
718
719
720
721
722
723
724
725
726
727
728
729
730
731
732
733
734
735
736
738
739
740
741
742
744
746
747
748
749
750
752
753
754
755
756
757
759
760
761
763
764
765
766
767
768
769
770
771
772
773
774
775
776
777
778
779
780
781
782
783
784
785
786
787
788
789
790
791
792
793
794
795
796
797
798
799
800
801
802
803
804
805
807
808
809
810
811
812
813
814
815
816
817
818
819
820
821
822
823
824
825
826
827
828
829
830
831
832
833
834
835
836
838
839
840
841
842
843
844
845
846
847
848
849
851
852
853
854
855
857
858
859
860
861
862
863
864
865
866
867
868
869
870
871
872
873
874
875
876
878
880
881
884
885
886
887
888
889
890
891
892
893
894
895
896
898
899
900
901
902
903
904
905
906
907
908
910
911
913
914
915
916
917
918
919
920
921
922
923
924
925
926
927
928
929
930
931
932
933
934
935
936
937
938
939
940
941
943
944
945
946
948
949
950
951
952
953
954
955
956
957
958
959
960
962
963
964
966
967
968
969
970
972
973
974
975
976
977
978
979
980
981
982
983
984
985
988
989
990
991
992
993
995
996
997
998
999
1000
1001
1002
1004
1005
1006
1007
1008
1009
1011
1012
1013
1014
1015
1016
1017
1018
1019
1020
1021
1022
1023
1024
1025
1026
1027
1028
1029
1030
1031
1032
1033
1034
1035
1036
1038
1039
1040
1041
1042
1043
1044
1045
1046
1047
1049
1050
1051
1054
1055
1056
1057
1058
1059
1061
1062
1063
1064
1065
1066
1067
1069
1070
1071
1072
1073
1074
1075
1076
1078
1079
1080
1081
1082
1083
1084
1085
1086
1087
1090
1091
1092
1093
1094
1095
1096
1098
1099
1100
1101
1102
1103
1104
1105
1106
1107
1108
1109
1110
1111
1112
1113
1114
1115
1116
1118
1120
1121
1122
1123
1125
1126
1127
1129
1130
1131
1132
1133
1135
1136
1137
1138
1139
1140
1141
1142
1144
1145
1146
1147
1148
1149
1150
1151
1152
1153
1154
1155
1156
1157
1158
1159
1160
1161
1163
1164
1165
1166
1167
1168
1169
1170
1171
1172
1173
1174
1175
1176
1177
1179
1180
1181
1184
1185
1187
1188
1190
1191
1192
1193
1194
1195
1196
1197
1198
1199
1201
1202
1205
1206
1207
1208
1209
1210
1213
1215
1216
1217
1218
1219
1220
1222
1227
1228
1231
1233
1234
1235
1239
1240
1241
1242
1243
1245
1246
1247
1248
1249
1250
1251
1252
1254
1255
1256
1257
1258
1259
1260
1261
1263
1264
1265
1267
1268
1270
1271
1272
1274
1275
1276
1277
1278
1279
1280
1281
1282
1284
1285
1286
1287
1288
1289
1290
1291
1292
1293
1294
1295
1296
1297
1298
1299
1300
1301
1302
1303
1304
1305
1306
1307
1309
1310
1311
1313
1315
1316
1318
1319
1320
1322
1323
1324
1325
1326
1327
1328
1329
1330
1332
1333
1334
1335
1336
1337
1338
1339
1340
1341
1342
1343
1344
1346
1347
1348
1349
1350
1351
1352
1353
1355
1356
1357
1358
1359
1360
1361
1362
1363
1364
1365
1366
1367
1368
1369
1370
1371
1372
1373
1374
1410
1411
1412
1413
1414
1415
1416
1417
1418
1420
1421
1422
1423
1424
1425
1426
1427
1428
1429
1430
1431
1432
1433
1434
1435
1436
1437
1438
1439
1440
1446
1447
1448
1449
1450
1451
1452
1454
1456
1457
1458
1459
1461
1464
1468
1469
1470
1471
1472
1473
1475
1478
1479
1480
1481
1482
1484
1485
1487
1488
1489
1491
1493
1494
1495
1496
1497
1498
1499
1500
1501
1502
1503
1504
1505
1506
1508
1509
1511
1512
1514
1516
1517
1519
1520
1521
1522
1524
1525
1526
1527
1528
1529
1530
1532
1533
1534
1535
1536
1537
1538
1539
1540
1541
1542
1543
1544
1545
1546
1547
1548
1549
1550
1551
1552
1553
1554
1555
1556
1557
1558
1559
1560
1561
1563
1564
1565
1566
1568
1569
1570
1571
1572
1573
1574
1575
1576
1577
1578
1579
1580
1581
1582
1583
1584
1585
1586
1587
1588
1589
1590
1591
1592
1593
1594
1595
1596
1597
1598
1599
1603
1604
1606
1608
1609
1610
1611
1612
1613
1615
1616
1617
1618
1619
1620
1622
1623
1624
1625
1626
1627
1628
1629
1630
1632
1633
1634
1635
1636
1637
1638
1639
1640
1642
1643
1644
1646
1648
1649
1650
1651
1652
1653
1655
1656
1657
1658
1659
1660
1661
1663
1664
1665
1666
1667
1669
1671
1673
1674
1675
1677
1679
1680
1681
1683
1684
1685
1686
1687
1688
1689
1690
1691
1693
1694
1695
1696
1697
1698
1700
1701
1702
1704
1705
1706
1707
1708
1709
1711
1712
1713
1715
1716
1717
1719
1720
1721
1722
1723
1724
1727
1728
1729
1730
1731
1732
1733
1734
1735
1739
1743
1746
1748
1749
1750
1752
1753
1754
1757
1758
1759
1762
1763
1764
1765
1767
1768
1769
1770
1771
1772
1774
1775
1776
1777
1779
1780
1781
1782
1783
1784
1785
1786
1787
1790
1791
1792
1793
1794
1795
1796
1797
1798
1800
1802
1803
1804
1805
1807
1809
1814
1817
1824
1825
1826
1827
1828
1830
1831
1832
1834
1835
1837
1838
1844
1847
1851
1852
1859
1862
1865
1867
1869
1870
1871
1873
1874
1876
1877
1880
1881
1883
1887
1888
1889
1890
1891
1892
1894
1896
1897
1898
1899
1900
1901
1902
1903
1904
1906
1907
1909
1913
1914
1915
1916
1917
1918
1919
1921
1922
1923
1925
1926
1927
1928
1929
1931
1932
1933
1934
1935
1939
1943
1944
1946
1947
1948
1950
1951
1953
1955
1956
1959
1960
1963
1964
1965
1966
1967
1970
1971
1972
1973
1974
1976
1983
1986
1988
1989
1991
1992
1993
1994
1995
1996
1997
1998
1999
2000
2003
2004
2005
2006
2007
2008
2009
2010
2011
2012
2013
2015
2016
2017
2018
2019
2020
2021
2023
2025
2026
2029
2030
2031
2032
2034
2035
2037
2038
2039
2040
2041
2042
2043
2044
2045
2046
2047
2048
2049
2050
2051
2052
2053
2054
2057
2058
2059
2060
2061
2062
2063
2064
2065
2066
2068
2069
2070
2071
2072
2073
2074
2075
2077
2078
2079
2080
2081
2082
2083
2084
2085
2086
2087
2088
2089
2090
2091
2092
2093
2094
2095
2098
2099
2100
2101
2103
2104
2105
2109
2110
2113
2114
2116
2117
2118
2119
2121
2122
2123
2124
2125
2126
2127
2128
2129
2130
2131
2132
2134
2135
2138
2139
2140
2141
2142
2143
2144
2145
2146
2147
2148
2150
2154
2155
2157
2158
2160
2162
2163
2164
2170
2171
2172
2173
2174
2175
2176
2177
2178
2181
2183
2184
2185
2186
2187
2188
2189
2190
2191
2192
2193
2194
2195
2196
2197
2199
2200
2201
2202
2203
2204
2205
2206
2207
2210
2212
2213
2214
2215
2216
2218
2219
2220
2221
2222
2223
2225
2226
2227
2228
2230
2231
2232
2233
2234
2235
2236
2237
2238
2239
2240
2241
2242
2243
2244
2246
2247
2248
2250
2251
2252
2253
2254
2255
2258
2259
2260
2261
2262
2263
2265
2266
2267
2268
2269
2271
2272
2273
2274
2276
2278
2279
2280
2283
2284
2285
2286
2287
2288
2289
2291
2292
2293
2294
2296
2297
2298
2300
2301
2302
2303
2304
2305
2308
2310
2311
2312
2314
2315
2317
2320
2321
2322
2323
2324
2325
2326
2327
2328
2329
2330
2331
2332
2333
2334
2335
2336
2337
2338
2340
2341
2342
2343
2344
2345
2346
2347
2350
2351
2352
2353
2354
2355
2356
2357
2358
2359
2360
2361
2362
2363
2364
2365
2366
2368
2369
2371
2372
2373
2374
2375
2377
2378
2379
2380
2381
2382
2383
2384
2385
2386
2387
2388
2389
2390
2391
2392
2393
2394
2395
2396
2397
2398
2399
2400
2402
2403
2404
2405
2406
2407
2408
2409
2410
2411
2412
2413
2414
2415
2416
2419
2420
2421
2422
2423
2424
2426
2427
2429
2430
2431
2432
2434
2435
2436
2437
2438
2439
2440
2441
2442
2443
2444
2447
2448
2449
2450
2451
2452
2455
2456
2457
2458
2459
2461
2462
2467
2470
2472
2475
2476
2477
2478
2479
2480
2481
2482
2483
2484
2485
2486
2487
2488
2490
2491
2492
2493
2494
2495
2496
2497
2498
2499
2500
2501
2502
2503
2504
2505
2506
2507
2509
2510
2512
2513
2514
2518
2519
2522
2523
2534
2535
2536
2537
2538
2539
2541
2542
2545
2546
2547
2549
2550
2551
2552
2553
2554
2555
2556
2557
2560
2561
2562
2564
2566
2568
2569
2572
2574
2575
2576
2577
2578
2579
2580
2581
2582
2583
2584
2585
2586
2587
2589
2590
2591
2592
2593
2594
2595
2596
2597
2598
2599
2600
2602
2604
2605
2606
2607
2608
2609
2610
2611
2612
2613
2614
2615
2616
2617
2618
2619
2620
2622
2624
2625
2627
2628
2629
2630
2631
2632
2633
2634
2635
2636
2637
2638
2639
2640
2641
2642
2644
2645
2646
2647
2648
2649
2650
2651
2652
2653
2654
2655
2656
2657
2658
2659
2661
2663
2665
2666
2667
2668
2669
2670
2671
2672
2673
2674
2675
2676
2678
2679
2681
2682
2683
2684
2685
2686
2687
2688
2690
2691
2692
2693
2694
2696
2697
2698
2699
2700
2701
2702
2703
2705
2706
2707
2710
2712
2713
2714
2716
2717
2718
2719
2720
2724
2727
2728
2729
2730
2732
2734
2735
2736
2737
2738
2739
2740
2742
2745
2746
2748
2749
2750
2751
2752
2753
2755
2756
2757
2758
2759
2760
2761
2763
2765
2780
2783
2784
2785
2787
2790
2791
2792
2797
2798
2800
2801
2803
2804
2805
2809
2811
2813
2814
2815
2818
2819
2822
2823
2824
2827
2829
2830
2837
2838
2839
2840
2842
2847
2848
2849
2851
2854
2855
2856
2857
2859
2860
2861
2864
2865
2866
2867
2868
2870
2874
2875
2877
2878
2880
2881
2886
2888
2890
2891
2892
2893
2894
2895
2896
2897
2899
2900
2901
2902
2903
2904
2905
2906
2907
2908
2909
2910
2911
2912
2913
2914
2915
2916
2917
2918
2919
2920
2921
2922
2923
2924
2925
2927
2928
2929
2930
2931
2932
2933
2934
2935
2936
2937
2938
2939
2942
2943
2945
2947
2948
2950
2951
2952
2953
2954
2955
2956
2957
2958
2959
2961
2962
2963
2964
2965
2966
2967
2968
2970
2971
2972
2974
2975
2976
2977
2978
2979
2980
2981
2982
2983
2984
2985
2986
2987
2988
2989
2990
2991
2992
2993
2994
2995
2996
2997
2998
2999
3000
3001
3002
3003
3004
3005
3006
3007
3008
3009
3010
3011
3012
3013
3014
3015
3016
3017
3018
3019
3020
3021
3022
3023
3024
3025
3026
3027
3028
3029
3031
3032
3033
3034
3036
3037
3038
3039
3040
3041
3042
3043
3044
3045
3046
3047
3048
3049
3050
3051
3052
3053
3054
3055
3057
3058
3059
3060
3061
3062
3063
3064
3065
3066
3067
3068
3070
3071
3072
3073
3074
3075
3076
3077
3079
3080
3081
3082
3083
3084
3085
3086
3087
3088
3089
3090
3091
3092
3093
3094
3095
3096
3097
3098
3099
3101
3103
3104
3105
3106
3107
3108
3109
3110
3111
3112
3113
3114
3115
3116
3117
3118
3119
3120
3121
3122
3124
3125
3126
3127
3128
3129
3130
3131
3132
3133
3134
3135
3136
3137
3138
3139
3140
3142
3143
3144
3145
3146
3147
3148
3149
3150
3151
3152
3153
3154
3155
3156
3157
3158
3159
3160
3161
3162
3163
3164
3165
3166
3167
3168
3169
3170
3171
3172
3173
3175
3176
3177
3178
3179
3180
3181
3182
3183
3185
3186
3187
3188
3189
3190
3191
3192
3193
3194
3195
3196
3197
3198
3199
3200
3201
3202
3203
3204
3205
3206
3207
3208
3209
3210
3211
3212
3213
3214
3215
3216
3217
3218
3219
3220
3221
3222
3223
3224
3225
3226
3227
3228
3229
3230
3231
3232
3233
3234
3235
3236
3237
3238
3239
3240
3241
3243
3244
3245
3246
3247
3249
3256
3257
3258
3259
3260
3261
3262
3263
3264
3265
3266
3268
3269
3270
3271
3272
3273
3274
3276
3277
3278
3280
3281
3282
3283
3284
3285
3286
3287
3288
3289
3290
3291
3292
3293
3294
3295
3296
3298
3299
3300
3301
3302
3303
3304
3305
3306
3307
3308
3309
3310
3312
3313
3314
3315
3317
3318
3319
3320
3321
3323
3324
3326
3328
3329
3330
3331
3332
3333
3334
3335
3336
3337
3338
3339
3340
3341
3342
3343
3344
3345
3346
3347
3348
3349
3350
3351
3352
3353
3354
3355
3357
3358
3359
3360
3361
3362
3363
3364
3365
3366
3367
3368
3369
3370
3371
3372
3373
3374
3375
3376
3377
3378
3379
3380
3384
3385
3386
3387
3388
3389
3391
3392
3393
3394
3397
3403
3404
3406
3407
3408
3409
3410
3411
3412
3413
3414
3415
3416
3417
3418
3419
3420
3421
3422
3423
3424
3425
3426
3427
3428
3429
3430
3432
3433
3434
3435
3436
3437
3438
3439
3440
3441
3442
3443
3444
3445
3446
3447
3448
3449
3450
3451
3452
3454
3455
3456
3457
3458
3459
3460
3461
3462
3463
3464
3465
3466
3467
3468
3469
3470
3471
3472
3473
3474
3475
3476
3477
3478
3479
3480
3481
3482
3483
3484
3485
3486
3487
3488
3489
3491
3493
3494
3496
3497
3498
3499
3500
3501
3502
3503
3504
3505
3506
3507
3508
3509
3510
3511
3512
3513
3514
3515
3516
3517
3518
3519
3520
3521
3522
3523
3525
3526
3527
3528
3529
3530
3531
3532
3533
3534
3535
3536
3537
3538
3539
3540
3541
3542
3544
3545
3546
3547
3548
3549
3550
3551
3552
3553
3554
3555
3556
3557
3558
3559
3561
3562
3563
3564
3565
3566
3567
3568
3569
3570
3571
3572
3573
3574
3576
3577
3578
3579
3580
3581
3582
3583
3584
3585
3586
3587
3588
3589
3590
3591
3592
3593
3594
3595
3596
3597
3599
3600
3601
3602
3603
3604
3605
3606
3607
3608
3609
3610
3612
3613
3614
3615
3616
3617
3618
3619
3620
3621
3622
3623
3624
3625
3626
3627
3628
3629
3630
3631
3632
3633
3635
3636
3637
3638
3639
3640
3641
3643
3645
3646
3647
3649
3650
3651
3652
3653
3654
3655
3656
3657
3658
3659
3660
3661
3664
3665
3666
3667
3668
3669
3670
3672
3673
3674
3675
3676
3677
3678
3679
3680
3681
3682
3683
3684
3685
3686
3687
3688
3689
3692
3694
3695
3696
3697
3699
3701
3702
3703
3704
3706
3707
3708
3709
3710
3711
3714
3715
3716
3717
3718
3719
3720
3721
3722
3724
3725
3726
3727
3728
3729
3730
3731
3732
3733
3734
3737
3740
3744
3745
3746
3748
3749
3750
3753
3754
3755
3756
3757
3758
3759
3760
3761
3762
3763
3764
3765
3766
3767
3768
3773
3774
3775
3776
3777
3778
3779
3781
3782
3783
3784
3785
3786
3787
3788
3789
3790
3792
3793
3796
3798
3800
3801
3802
3803
3804
3805
3807
3808
3809
3810
3811
3812
3813
3814
3815
3816
3818
3819
3820
3821
3822
3823
3824
3825
3827
3828
3830
3831
3832
3834
3835
3836
3837
3838
3839
3842
3843
3844
3845
3847
3848
3849
3850
3851
3852
3853
3854
3855
3856
3857
3858
3859
3860
3861
3862
3863
3864
3865
3866
3867
3868
3869
3870
3871
3872
3874
3876
3877
3878
3880
3881
3882
3883
3884
3886
3887
3888
3889
3890
3891
3892
3893
3894
3895
3896
3897
3898
3899
3900
3901
3902
3903
3904
3907
3908
3909
3910
3911
3913
3915
3916
3917
3918
3919
3920
3921
3922
3923
3924
3925
3926
3927
3928
3929
3930
3931
3932
3933
3934
3935
3936
3938
3939
3940
3941
3942
3943
3944
3946
3948
3949
3950
3951
3952
3953
3954
3955
3957
3958
3959
3960
3961
3962
3963
3964
3965
3966
3967
3968
3969
3970
3971
3972
3973
3974
3975
3976
3977
3978
3979
3980
3981
3982
3983
3984
3985
3986
3987
3988
3989
3990
3991
3992
3993
3994
3995
3997
3998
3999
4000
4001
4003
4004
4005
4006
4007
4008
4009
4010
4011
4012
4013
4014
4015
4016
4017
4019
4020
4021
4022
4023
4024
4025
4026
4027
4028
4029
4030
4032
4033
4034
4036
4037
4038
4039
4040
4041
4042
4043
4045
4046
4047
4048
4049
4050
4051
4052
4053
4054
4055
4056
4057
4058
4059
4060
4061
4062
4063
4064
4066
4067
4068
4069
4070
4071
4072
4073
4074
4076
4077
4078
4079
4080
4081
4082
4083
4084
4085
4087
4089
4090
4091
4093
4094
4095
4096
4097
4098
4099
4100
4101
4102
4103
4104
4105
4106
4107
4108
4109
4110
4112
4114
4115
4116
4117
4118
4119
4120
4121
4122
4123
4124
4125
4126
4127
4128
4129
4131
4133
4134
4135
4136
4137
4138
4139
4140
4141
4142
4143
4144
4145
4146
4147
4148
4149
4150
4151
4152
4153
4154
4155
4157
4158
4159
4161
4163
4164
4165
4166
4167
4169
4170
4171
4172
4174
4175
4176
4177
4178
4179
4180
4181
4182
4184
4185
4187
4190
4191
4192
4193
4194
4195
4196
4197
4198
4199
4201
4202
4203
4204
4205
4206
4207
4208
4209
4210
4211
4212
4213
4214
4215
4216
4217
4218
4219
4220
4221
4222
4223
4224
4227
4231
4233
4234
4235
4237
4238
4239
4240
4241
4242
4243
4244
4245
4247
4249
4250
4253
4255
4256
4258
4259
4260
4262
4263
4265
4266
4267
4268
4270
4272
4274
4275
4276
4278
4279
4280
4282
4283
4284
4286
4287
4289
4291
4293
4295
4296
4297
4298
4299
4301
4302
4303
4305
4309
4310
4313
4314
4315
4316
4317
4318
4319
4322
4323
4328
4329
4331
4332
4333
4334
4335
4336
4337
4338
4339
4340
4341
4342
4344
4345
4346
4347
4348
4349
4350
4351
4353
4354
4356
4357
4358
4360
4361
4362
4363
4364
4365
4367
4369
4370
4371
4372
4373
4374
4375
4376
4377
4378
4379
4380
4381
4382
4383
4384
4385
4386
4388
4389
4390
4391
4392
4393
4395
4396
4397
4398
4399
4400
4401
4402
4403
4404
4405
4406
4407
4408
4409
4410
4411
4412
4413
4414
4415
4416
4417
4419
4420
4421
4422
4423
4424
4425
4426
4427
4428
4429
4430
4431
4432
4433
4434
4435
4436
4437
4438
4439
4440
4441
4442
4443
4444
4445
4446
4447
4448
4449
4450
4451
4452
4453
4454
4455
4456
4457
4458
4459
4460
4461
4462
4463
4464
4465
4466
4467
4468
4469
4470
4471
4472
4473
4474
4475
4476
4477
4478
4479
4480
4481
4482
4483
4484
4485
4486
4487
4488
4489
4490
4491
4492
4493
4494
4495
4496
4497
4498
4499
4500
4501
4502
4503
4504
4505
4506
4507
4508
4509
4510
4511
4512
4514
4515
4516
4518
4519
4521
4522
4524
4525
4526
4527
4528
4529
4530
4531
4532
4533
4534
4535
4536
4537
4538
4539
4541
4542
4544
4545
4546
4547
4548
4549
4550
4551
4552
4553
4554
4555
4556
4557
4558
4560
4563
4564
4565
4566
4568
4569
4570
4573
4574
4576
4577
4578
4579
4580
4581
4582
4583
4584
4585
4587
4591
4593
4594
4595
4596
4597
4599
4600
4601
4602
4603
4604
4605
4606
4607
4608
4609
4610
4611
4612
4613
4614
4615
4617
4618
4620
4621
4622
4624
4626
4627
4628
4629
4630
4631
4632
4633
4635
4636
4637
4639
4640
4641
4642
4643
4644
4645
4646
4647
4648
4650
4651
4652
4653
4654
4657
4658
4659
4660
4662
4663
4665
4666
4668
4669
4670
4671
4672
4673
4674
4675
4676
4677
4678
4679
4680
4683
4684
4685
4686
4687
4690
4691
4692
4695
4696
4697
4698
4699
4700
4701
4702
4703
4704
4705
4706
4707
4708
4709
4710
4711
4712
4713
4714
4715
4717
4718
4719
4721
4722
4840
9190
10414
11019
11021
11022
11023
11025
11026
11027
11028
11029
11030
11032
11033
11034
11035
11036
11037
11039
11041
11043
11044
11045
11046
11047
11048
11049
11050
11051
11052
11053
11054
11055
11056
11057
11058
11059
11060
11061
11062
11063
11064
11065
11066
11067
11068
11069
11070
11071
11072
11073
11074
11075
11076
11077
11078
11079
11080
11081
11082
11083
11084
11085
11086
11087
11088
11089
11090
11091
11092
11093
11094
11095
11096
11097
11098
11099
11100
11101
11102
11103
11104
11105
11106
11107
11108
11109
11110
11111
11112
11113
11114
11116
11117
11118
11119
11120
11121
11122
11124
11125
11126
11127
11128
11129
11130
11132
11133
11134
11135
11136
11138
11140
11141
11142
11143
11144
11145
11146
11147
11148
11149
11150
11151
11152
11155
11156
11157
11158
11159
11160
11161
11162
11163
11164
11165
11166
11167
11168
11169
11170
11171
11172
11173
11175
11176
11180
11181
11182
11187
11188
11189
11190
11191
11192
11193
11194
11195
11196
11199
11200
11201
11202
11204
11205
11207
11208
11209
11210
11211
11212
11214
11215
11217
11218
11219
11221
11222
11223
11225
11227
11229
11230
11231
11232
11233
11235
11236
11237
11238
11239
11240
11242
11243
11246
11247
11248
11249
11250
11253
11254
11255
11256
11258
11259
11260
11261
11262
11264
11265
11266
11268
11269
11270
11271
11272
11273
11274
11275
11276
11277
11278
11279
11280
11281
11282
11283
11284
11285
11286
11287
11288
11289
11290
11292
11294
11295
11296
11297
11298
11299
11300
11301
11302
11304
11305
11306
11307
11308
11309
11310
11311
11312
11313
11314
11315
11318
11319
11320
11321
11322
11323
11324
11325
11327
11328
11329
11330
11331
11332
11334
11335
11337
11338
11339
11340
11341
11346
11347
11348
11349
11350
11352
11353
11354
11355
11357
11358
11363
11364
11365
11366
11367
11368
11369
11370
11372
11373
11376
11377
11378
11379
11380
11382
11383
11384
11385
11386
11387
11388
11389
11390
11391
11392
11394
11397
11399
11400
11402
11403
11404
11406
11407
11408
11409
11411
11412
11413
11414
11415
11416
11417
11418
11419
11420
11421
11422
11423
11424
11426
11427
11428
11429
11433
11434
11436
11437
11438
11439
11440
11442
11443
11444
11445
11446
11447
11448
11449
11450
11451
11452
11454
11455
11456
11457
11458
11459
11460
11461
11462
11464
11465
11466
11467
11468
11469
11470
11472
11473
11474
11475
11476
11477
11478
11479
11480
11481
11482
11484
11486
11487
11488
11489
11490
11491
11492
11493
11494
11496
11497
11498
11499
11500
11501
11502
11503
11504
11505
11506
11507
11508
11509
11510
11511
11512
11513
11514
11515
11516
11517
11519
11520
11521
11523
11524
11525
11526
11529
11531
11532
11534
11535
11536
11537
11538
11540
11541
11543
11544
11545
11546
11547
11548
11549
11550
11551
11552
11553
11554
11555
11556
11557
11558
11559
11560
11561
11562
11563
11564
11567
11568
11569
11570
11571
11572
11573
11574
11575
11576
11577
11578
11579
11580
11581
11582
11584
11585
11586
11587
11588
11589
11590
11591
11592
11593
11594
11595
11596
11597
11598
11599
11600
11601
11602
11603
11604
11605
11606
11608
11610
11611
11612
11613
11614
11615
11616
11617
11618
11619
11620
11621
11622
11623
11624
11625
11626
11628
11629
11630
11632
11634
11635
11636
11637
11639
11640
11641
11642
11643
11644
11645
11646
11648
11649
11650
11651
11652
11653
11654
11655
11657
11659
11660
11662
11663
11664
11665
11666
11667
11668
11669
11670
11671
11672
11673
11674
11675
11676
11678
11679
11680
11684
11686
11687
11688
11689
11691
11692
11694
11695
11696
11697
11698
11699
11700
11701
11702
11703
11704
11705
11706
11707
11708
11709
11710
11712
11713
11714
11715
11717
11718
11719
11720
11721
11722
11723
11724
11725
11726
11727
11728
11729
11730
11731
11733
11734
11735
11736
11737
11738
11739
11740
11741
11742
11743
11746
11747
11748
11750
11751
11752
11753
11754
11755
11756
11757
11758
11759
11760
11761
11762
11763
11764
11765
11766
11767
11768
11769
11770
11771
11772
11775
11776
11777
11778
11779
11780
11781
11782
11783
11784
11785
11786
11787
11788
11789
11790
11792
11793
11795
11796
11797
11798
11799
11800
11801
11802
11803
11812
11813
11814
11815
11817
11818
11819
11820
11821
11822
11823
11824
11825
11826
11827
11828
11829
11830
11831
11833
11834
11835
11837
11838
11839
11840
11841
11842
11843
11844
11845
11848
11849
11850
11851
11852
11854
11855
11856
11857
11858
11859
11861
11862
11863
11864
11865
11866
11867
11868
11869
11870
11871
11872
11873
11874
11875
11876
11877
11878
11880
11881
11882
11883
11884
11885
11886
11887
11888
11889
11890
11891
11892
11893
11894
11895
11896
11897
11898
11899
11901
11902
11903
11904
11905
11906
11907
11908
11909
11910
11911
11912
11913
11914
11915
11916
11917
11918
11919
11920
11921
11922
11923
11924
11925
11926
11927
11928
11929
11931
11932
11933
11934
11935
11936
11937
11938
11939
11940
11942
11943
11944
11945
11947
11948
11949
11950
11951
11954
11955
11956
11957
11958
11959
11960
11961
11962
11963
11964
11965
11966
11967
11968
11969
11970
11971
11972
11973
11974
11975
11976
11977
11978
11979
11980
11981
11982
11984
11985
11986
11987
11988
11989
11990
11991
11992
11993
11994
11995
11996
11997
11998
12000
12001
12002
12003
12004
12005
12006
12007
12008
12010
12011
12012
12013
12014
12015
12016
12017
12018
12019
12020
12021
12022
12023
12029
12030
12031
12032
12033
12034
12035
12036
12037
12038
12039
12040
12041
12042
12043
12044
12046
12047
12048
12049
12050
12051
12052
12053
12054
12055
12056
12057
12058
12059
12060
12061
12062
12063
12064
12065
12066
12067
12068
12070
12071
12073
12074
12076
12077
12078
12079
12080
12081
12082
12084
12085
12086
12087
12088
12089
12090
12091
12092
12093
12094
12095
12096
12097
12098
12099
12100
12101
12103
12104
12105
12106
12107
12108
12109
12110
12111
12112
12113
12114
12115
12116
12117
12118
12119
12120
12121
12122
12123
12124
12125
12126
12127
12128
12129
12130
12131
12132
12134
12135
12136
12137
12138
12139
12143
12144
12145
12146
12147
12148
12149
12150
12151
12152
12153
12154
12155
12156
12157
12158
12159
12160
12161
12162
12163
12164
12165
12166
12168
12169
12170
12171
12172
12173
12174
12175
12176
12180
12181
12182
12183
12184
12185
12186
12187
12189
12191
12192
12193
12195
12196
12197
12198
12199
12200
12201
12202
12203
12204
12205
12206
12209
12210
12211
12212
12213
12215
12216
12217
12218
12219
12221
12222
12223
12225
12226
12227
12228
12230
12231
12232
12233
12234
12235
12236
12237
12238
12239
12240
12241
12242
12243
12244
12245
12246
12247
12248
12249
12250
12251
12252
12253
12254
12257
12258
12259
12260
12261
12262
12263
12265
12266
12267
12268
12269
12270
12271
12272
12277
12278
12279
12280
12281
12282
12283
12284
12285
12286
12287
12288
12289
12290
12291
12292
12293
12294
12295
12296
12297
12298
12299
12300
12301
12302
12303
12304
12306
12307
12308
12309
12310
12311
12312
12313
12314
12315
12316
12317
12318
12320
12321
12323
12324
12325
12326
12327
12328
12329
12330
12331
12332
12334
12335
12336
12337
12338
12339
12340
12341
12342
12347
12348
12350
12352
12353
12354
12356
12357
12358
12359
12360
12361
12362
12363
12364
12366
12367
12368
12369
12370
12371
12374
12375
12377
12378
12379
12380
12381
12382
12383
12385
12387
12388
12389
12390
12392
12393
12395
12396
12398
12399
12400
12401
12403
12404
12405
12406
12407
12408
12411
12412
12413
12414
12415
12416
12417
12418
12419
12420
12422
12423
12424
12425
12426
12427
12428
12429
12430
12431
12432
12433
12435
12436
12437
12438
12439
12440
12441
12442
12443
12444
12445
12447
12448
12450
12451
12452
12453
12454
12455
12456
12461
12468
12470
12471
12472
12473
12476
12477
12480
12481
12482
12483
12485
12486
12487
12489
12490
12491
12492
12493
12494
12495
12496
12497
12498
12499
12500
12501
12502
12503
12505
12506
12507
12508
12509
12510
12511
12513
12514
12516
12517
12518
12519
12521
12522
12523
12524
12525
12526
12527
12528
12533
12534
12535
12536
12537
12538
12539
12540
12541
12542
12543
12544
12545
12546
12548
12550
12553
12554
12559
12560
12561
12570
12571
12572
12573
12574
12576
12577
12578
12579
12580
12581
12585
12586
12587
12588
12589
12591
12592
12593
12594
12595
12596
12597
12598
12599
12600
12601
12602
12603
12604
12605
12606
12607
12608
12609
12610
12611
12612
12613
12614
12615
12616
12617
12618
12619
12620
12621
12622
12623
12624
12625
12626
12627
12628
12629
12630
12631
12636
12637
12639
12640
12641
12643
12644
12645
12646
12648
12649
12650
12651
12652
12654
12655
12656
12657
12658
12659
12660
12661
12662
12663
12664
12665
12666
12667
12668
12669
12670
12671
12672
12673
12674
12675
12676
12679
12680
12681
12682
12683
12685
12686
12687
12688
12689
12690
12691
12692
12693
12694
12696
12697
12698
12699
12702
12703
12705
12706
12707
12708
12710
12712
12713
12715
12716
12721
12723
12724
12725
12726
12727
12728
12729
12730
12731
12733
12734
12735
12736
12737
12738
12739
12740
12741
12742
12743
12744
12745
12746
12747
12748
12749
12750
12751
12752
12753
12754
12755
12756
12757
12758
12759
12760
12761
12762
12763
12764
12765
12767
12768
12769
12770
12771
12772
12773
12783
12784
12785
12786
12787
12788
12789
12790
12791
12793
12794
12795
12796
12798
12799
12816
12817
12818
12819
12820
12821
12822
12824
12825
12827
12828
12829
12830
12831
12832
12833
12834
12835
12836
12837
12838
12839
12840
12841
12843
12844
12845
12846
12847
12849
12851
12852
12854
12855
12856
12857
12858
12859
12861
12862
12863
12869
12871
12872
12874
12875
12876
12877
12878
12879
12880
12881
12882
12883
12884
12885
12886
12887
12888
12889
12890
12891
12892
12893
12894
12895
12896
12897
12898
12899
12900
12901
12902
12903
12904
12905
12906
12907
12908
12909
12910
12911
12912
12914
12915
12917
12919
12921
12922
12923
12924
12925
12926
12927
12928
12929
12930
12932
12933
12934
12935
12936
12937
12938
12939
12940
12941
12943
12944
12945
12946
12947
12948
12949
12950
12951
12952
12953
12954
12955
12956
12958
12959
12960
12961
12962
12963
12964
12965
12969
12979
12980
12981
12982
12983
12984
12985
12986
12987
12988
12989
12992
12993
12994
12996
12997
12998
12999
13000
13001
13002
13003
13004
13005
13006
13007
13009
13010
13014
13015
13016
13017
13019
13020
13021
13022
13023
13024
13025
13026
13027
13029
13030
13031
13032
13033
13034
13035
13036
13038
13040
13042
13044
13045
13046
13047
13048
13049
13050
13051
13053
13054
13055
13056
13057
13058
13059
13060
13061
13062
13063
13064
13065
13066
13067
13068
13069
13070
13071
13072
13074
13075
13078
13079
13080
13082
13083
13085
13086
13087
13089
13090
13091
13092
13093
13094
13095
13096
13100
13101
13102
13103
13104
13105
13106
13107
13108
13109
13110
13111
13112
13113
13114
13115
13116
13117
13118
13119
13120
13121
13122
13123
13124
13125
13126
13128
13129
13130
13132
13133
13134
13135
13136
13138
13139
13140
13141
13142
13143
13144
13145
13146
13147
13148
13149
13150
13151
13152
13153
13154
13155
13156
13157
13158
13159
13162
13163
13164
13165
13166
13167
13168
13169
13170
13171
13172
13173
13175
13176
13179
13183
13188
13191
13192
13194
13195
13196
13197
13198
13199
13201
13202
13203
13204
13205
13206
13207
13208
13211
13212
13213
13214
13215
13216
13217
13218
13219
13220
13221
13222
13223
13224
13225
13226
13228
13229
13230
13231
13232
13233
13234
13235
13236
13237
13238
13239
13240
13241
13242
13243
13244
13245
13246
13248
13249
13250
13251
13252
13253
13254
13255
13256
13257
13258
13259
13260
13261
13262
13263
13264
13265
13266
13267
13268
13269
13271
13272
13273
13274
13275
13276
13277
13278
13279
13280
13281
13282
13283
13284
13285
13286
13287
13288
13289
13290
13291
13292
13293
13297
13298
13299
13300
13301
13304
13305
13306
13307
13308
13309
13310
13311
13312
13313
13314
13315
13316
13317
13318
13319
13320
13321
13322
13323
13324
13325
13326
13328
13333
13334
13335
13337
13338
13341
13342
19906
19907
19909
19910
19914
19915
19916
19917
19918
19919
19920
19921
19922
19923
19924
19925
19926
19927
19928
19929
19930
19931
19932
19933
19934
19935
19936
19937
19938
19939
19940
19941
19942
19943
19944
19945
19946
19948
19949
19950
19951
19952
19953
19954
19955
19956
19957
19958
19959
19960
19961
19962
19963
19964
19965
19966
19967
19968
19972
19973
19974
19975
19976
19977
19978
19980
19981
19982
19983
19984
19985
19986
19987
19988
19990
19991
19992
19993
19994
19995
19996
19997
19999
20000
20001
20003
20004
20005
20006
20007
20008
20009
20010
20011
20012
20013
20017
20019
20020
20021
20022
20023
20024
20025
20026
20027
20028
20029
20030
20031
20032
20033
20034
20035
20036
20037
20038
20039
20040
20041
20042
20043
20044
20045
20046
20048
20049
20050
20051
20066
20067
20068
20069
20070
20071
20072
20073
20074
20075
20076
20077
20078
20079
20080
20081
20082
20083
20084
20085
20086
20087
20088
20089
20090
20091
20092
20093
20094
20095
20096
20097
20098
20099
20100
20101
20102
20103
20104
20105
20106
20107
20108
20109
20110
20111
20112
20113
20114
20115
20116
20117
20118
20119
20120
20121
20122
20123
20124
20125
20126
20127
20128
20129
20130
20131
20132
20133
20134
20135
20136
20137
20138
20139
20140
20141
20142
20143
20144
20145
20146
20147
20148
20149
20150
20152
20153
20154
20155
20156
20157
20158
20160
20161
20162
20163
20164
20166
20167
20170
20172
20173
20174
20175
20176
20177
20178
20179
20180
20181
20183
20184
20185
20186
20187
20188
20189
20190
20191
20192
20193
20195
20196
20197
20198
20199
20200
20201
20202
20203
20204
20205
20206
20207
20208
20209
20210
20211
20212
20214
20215
20216
20217
20218
20219
20220
20222
20223
20224
20225
20226
20227
20228
20229
20230
20231
20232
20233
20234
20235
20237
20238
20239
20240
20241
20242
20243
20244
20245
20246
20247
20248
20250
20251
20252
20254
20255
20256
20257
20258
20259
20260
20261
20262
20263
20264
20265
20267
20269
20270
20271
20272
20273
20274
20275
20279
20280
20281
20282
20283
20284
20285
20286
20289
20290
20291
20292
20293
20294
20295
20296
20297
20298
20299
20300
20301
20302
20303
20304
20306
20307
20308
20309
20310
20311
20312
20314
20316
20317
20318
20320
20321
20322
20323
20324
20325
20328
20329
20330
20332
20333
20334
20335
20336
20337
20338
20339
20340
20342
20343
20344
20345
20348
20349
20351
20352
20353
20354
20355
20356
20357
20358
20359
20360
20361
20362
20363
20364
20366
20367
20368
20369
20370
20371
20372
20373
20374
20375
20376
20377
20378
20379
20380
20381
20382
20383
20384
20385
20386
20387
20388
20389
20390
20391
20392
20393
20395
20396
20397
20398
20399
20400
20401
20402
20403
20404
20405
20406
20407
20408
20409
20410
20411
20412
20413
20414
20415
20416
20417
20419
20420
20421
20422
20425
20426
20428
20432
20433
20434
20436
20438
20439
20440
20442
20444
20445
20447
20448
20450
20454
20455
20456
20458
20459
20460
20461
20462
20467
20469
20470
20474
20475
20476
20478
20481
20482
20485
20487
20492
20494
20498
20499
20500
20501
20502
20506
20507
20508
20509
20510
20511
20513
20515
20516
20517
20520
20521
20522
20524
20525
20526
20527
20528
20529
20531
20532
20533
20534
20535
20536
20537
20538
20539
20540
20541
20542
20543
20544
20545
20546
20547
20548
20550
20551
20552
20553
20554
20555
20556
20557
20558
20559
20560
20561
20563
20564
20565
20566
20567
20568
20569
20570
20571
20572
20573
20574
20575
20576
20577
20578
20579
20580
20581
20582
20583
20584
20585
20586
20587
20588
20589
20590
20591
20592
20593
20594
20595
20596
20597
20598
20599
20600
20601
20602
20603
20604
20605
20606
20607
20608
20609
20610
20611
20612
20613
20614
20615
20616
20617
20618
20619
20620
20621
20622
20623
20625
20626
20627
20628
20629
20630
20631
20632
20633
20634
20635
20636
20637
20638
20640
20641
20642
20643
20644
20645
20646
20647
20648
20649
20650
20651
20652
20653
20654
20655
20656
20657
20658
20659
20660
20661
20662
20663
20664
20665
20666
20667
20668
20669
20670
20671
20672
20673
20674
20676
20677
20678
20679
20680
20681
20682
20683
20684
20685
20686
20687
20688
20689
20690
20691
20692
20693
20694
20695
20696
20697
20698
20699
20700
20701
20702
20703
20704
20705
20706
20707
20708
20709
20710
20711
20712
20713
20714
20715
20716
20717
20718
20719
20720
20721
20722
20723
20724
20725
20726
20727
20728
20729
20730
20731
20732
20733
20734
20735
20736
20737
20738
20739
20740
20741
20742
20743
20744
20745
20746
20747
20748
20750
20751
20752
20753
20754
20755
20756
20757
20758
20759
20760
20761
20762
20763
20764
20765
20766
20767
20768
20770
20771
20772
20773
20774
20775
20776
20777
20778
20779
20780
20781
20782
20783
20784
20785
20786
20787
20788
20789
20790
20791
20792
20793
20794
20795
20796
20797
20798
20799
20800
20801
20802
20803
20804
20805
20806
20807
20808
20809
20810
20811
20812
20813
20814
20815
20816
20817
20818
20819
20820
20821
20822
20823
20824
20825
20827
20828
20829
20830
20831
20832
20833
20834
20835
20836
20837
20838
20839
20840
20841
20842
20843
20844
20845
20846
20847
20848
20849
20850
20851
20852
20853
20854
20855
20856
20858
20859
20860
20861
20862
20863
20864
20865
20866
20867
20868
20869
20870
20871
20872
20873
20874
20875
20876
20877
20878
20879
20880
20881
20882
20883
20884
20885
20886
20887
20888
20889
20890
20891
20892
20893
20894
20895
20896
20897
20898
20899
20900
20902
20903
20904
20905
20906
20907
20908
20909
20910
20911
20912
20913
20914
20915
20916
20917
20918
20919
20920
20921
20922
20923
20924
20925
20926
20927
20928
20929
20930
20931
20932
20933
20934
20935
20936
20937
20938
20939
20940
20941
20942
20943
20944
20945
20946
20947
20948
20949
20951
20952
20953
20954
20955
20956
20957
20958
20959
20960
20961
20962
20963
20964
20965
20966
20967
20968
20969
20970
20971
20973
20974
20977
20978
20979
20980
20981
20982
20983
20984
20985
20986
20988
20989
20990
20991
20992
20993
20994
20995
20996
20997
20998
20999
21000
21001
21002
21003
21004
21005
21006
21007
21008
21009
21010
21011
21012
21013
21014
21016
21017
21018
21019
21030
21031
21032
21033
21034
21035
21036
21037
21038
21039
21040
21041
21042
21043
21044
21045
21046
21047
21048
21049
21050
21052
21054
21055
21056
21057
21058
21059
21060
21061
21063
21064
21065
21066
21067
21069
21070
21071
21072
21073
21075
21076
21077
21078
21080
21081
21082
21083
21084
21085
21086
21087
21088
21089
21090
21091
21092
21093
21094
21095
21096
21097
21098
21099
21100
21101
21102
21103
21104
21105
21106
21107
21108
21109
21110
21111
21112
21113
21114
21115
21116
21117
21118
21119
21120
21121
21122
21123
21126
21127
21128
21129
21130
21131
21132
21134
21136
21137
21139
21140
21141
21142
21143
21144
21145
21146
21147
21148
21149
21150
21151
21152
21153
21154
21155
21156
21157
21158